Roman : 2020-11-08 15:35:13.990857
Artem : 2020-11-08 15:54:36.915997
Elena : 2020-11-08 15:55:20.986530
